distortion_coeff:
- null
- null
- null
- null
- null
extrinsic_params:
- - 1819.6823694800605
  - 0.0
  - 916.15963767511
- - 0.0
  - 1812.4446894918872
  - 530.7331980598187
- - 0.0
  - 0.0
  - 1.0
resolution:
- 1920
- 1080
